+261140347800
+261142785580
+261202239234
+261202257193
+261202339751
+261206222255
+261206222753
+261206223023
+261206223709
+261207620855
+261208559382
+261320338314
+261320383902
+261320460205
+261320473561
+261320507000
+261320708147
+261322771296
+261322796067
+261323800180
+261324060057
+261324212325
+261324445436
+261324561316
+261324965255
+261325023595
+261325071917
+261325205969
+261325261270
+261325555800
+261325800165
+261326554450
+261326961406
+261327005751
+261327009822
+261327722217
+261327753079
+261329422726
+261329941128
+261330507200
+261330819349
+261337899900
+261340172115
+261340217226
+261340322719
+261340447313
+261340562566
+261340572060
+261340716206
+261340776776
+261341009752
+261341114310
+261341295828
+261341341680
+261341433626
+261341434567
+261341508186
+261341635802
+261341693077
+261341881062
+261342242990
+261342298452
+261342311112
+261342797978
+261343614619
+261343678888
+261343883609
+261344015825
+261344342224
+261344369572
+261344644750
+261344889828
+261344915092
+261345731821
+261346137985
+261346410000
+261346412688
+261347301006
+261347730828
+261348336361
+261348685280
+261349031170
+261349849131
+261379299356
+261380142002
+261381150510
+261383800040
+261383934895
+261384093851
+261384200392
+261384443917
+261384600107
+261385481107
+261385512504
+261385611889
+261386038683
+261387107672
+261387281864
+261387970315
+261389073202
+261389524582
+262262370057
+262262470183
+262269610243
+33140347800
+33142785580
+33157406885
+33183642939
+33426780511
+33428290125
+33437729105
+33437912424
+33465957167
+33472133191
+33472409327
+33478281901
+33478370385
+33478426335
+33478891638
+33481651571
+33486012959
+33486128776
+33491329532
+33491365300
+33491370269
+33491487543
+33491547832
+33491549282
+33491751286
+33491807160
+33491906564
+33547746240
+33556974525
+33564724557
+33601463656
+33661552641
+33664265378
+33746749566
+33749644727
+33762973169
+33782985022
+33783912769
+33951423588
+33951913368
+33954405729
+33983538341
+33983851908+261346785946
+261344410212
+261346785946
+261385906608
+261386407724
+261340813030
+261331100000
+261382649590
+261345332815
+261340170960
+261341062798
+261202256257
+261320460750
+261331230755
+261340397615
+261320790110
+261349447958
+261320224746
+261377450957
+261340122032
+261327577727
+261202224270
+261342868319
+261344681273
+261345240454
+261381490070
+261320511876
+261342560286
+261324759299
+261381657233
+261381318671
+261385637106
+261+17182395362
